{
  "volume_cm3": 0.73175,
  "surface_area_cm2": 7.895385,
  "approx_material_volume_cm3": 0.73175,
  "approx_weight_grams": 0.90737,
  "approx_cost": 0.04173902
}