{
  "volume_cm3": 0.6702263,
  "surface_area_cm2": 7.864415,
  "approx_material_volume_cm3": 0.6702263,
  "approx_weight_grams": 0.831080612,
  "approx_cost": 0.038229708152000004
}