{
  "volume_cm3": 0.6597881999999999,
  "surface_area_cm2": 7.792931,
  "approx_material_volume_cm3": 0.6597881999999999,
  "approx_weight_grams": 0.8181373679999999,
  "approx_cost": 0.037634318927999996
}