{
  "volume_cm3": 17.3108294,
  "surface_area_cm2": 236.821226,
  "approx_material_volume_cm3": 17.3108294,
  "approx_weight_grams": 21.465428455999998,
  "approx_cost": 0.9874097089759999
}