{
  "volume_cm3": 6.353551400000001,
  "surface_area_cm2": 71.23100000000001,
  "approx_material_volume_cm3": 6.353551400000001,
  "approx_weight_grams": 7.878403736000001,
  "approx_cost": 0.36240657185600006
}