{
  "volume_cm3": 3.2078605,
  "surface_area_cm2": 45.608548,
  "approx_material_volume_cm3": 3.2078605,
  "approx_weight_grams": 3.97774702,
  "approx_cost": 0.18297636292
}