{
  "volume_cm3": 16.9973553,
  "surface_area_cm2": 170.23705900000002,
  "approx_material_volume_cm3": 16.9973553,
  "approx_weight_grams": 21.076720572,
  "approx_cost": 0.9695291463119999
}