{
  "volume_cm3": 14.9906053,
  "surface_area_cm2": 160.055273,
  "approx_material_volume_cm3": 14.9906053,
  "approx_weight_grams": 18.588350572,
  "approx_cost": 0.855064126312
}