{
  "volume_cm3": 17.081927500000003,
  "surface_area_cm2": 170.08339700000002,
  "approx_material_volume_cm3": 17.019377870000003,
  "approx_weight_grams": 21.104028558800003,
  "approx_cost": 0.9707853137048001
}