{
  "volume_cm3": 2.0361785,
  "surface_area_cm2": 19.719034999999998,
  "approx_material_volume_cm3": 1.9815447499999999,
  "approx_weight_grams": 2.4571154899999996,
  "approx_cost": 0.11302731253999998
}