{
  "volume_cm3": 0.7975049000000001,
  "surface_area_cm2": 9.390415,
  "approx_material_volume_cm3": 0.7975049000000001,
  "approx_weight_grams": 0.9889060760000001,
  "approx_cost": 0.045489679496
}