{
  "volume_cm3": 9.3536793,
  "surface_area_cm2": 76.836342,
  "approx_material_volume_cm3": 7.934140965,
  "approx_weight_grams": 9.8383347966,
  "approx_cost": 0.4525634006436
}