{
  "volume_cm3": 9.634988300000002,
  "surface_area_cm2": 77.657804,
  "approx_material_volume_cm3": 8.046161585,
  "approx_weight_grams": 9.9772403654,
  "approx_cost": 0.45895305680840004
}