{
  "volume_cm3": 8.2059437,
  "surface_area_cm2": 70.792571,
  "approx_material_volume_cm3": 7.24826009,
  "approx_weight_grams": 8.9878425116,
  "approx_cost": 0.4134407555336
}