{
  "volume_cm3": 8.0070809,
  "surface_area_cm2": 70.257801,
  "approx_material_volume_cm3": 7.1729752200000005,
  "approx_weight_grams": 8.894489272800001,
  "approx_cost": 0.4091465065488001
}