{
  "volume_cm3": 9.5274321,
  "surface_area_cm2": 77.916988,
  "approx_material_volume_cm3": 8.052058795,
  "approx_weight_grams": 9.984552905800001,
  "approx_cost": 0.4592894336668001
}