{
  "volume_cm3": 8.1042362,
  "surface_area_cm2": 71.009755,
  "approx_material_volume_cm3": 7.251464605000001,
  "approx_weight_grams": 8.9918161102,
  "approx_cost": 0.4136235410692
}